# shadow recruit
0030206724288
0032429146069
0032429146076
0032429151940
0032429156617
0097363526445
0132429146073
030206724288
032429146069
032429146076
032429148063
032429151940
032429216670
032429223715
032429227515
0699713670619
0699713670626
0782597258377
097363526445
097363526469
32429146076
4005939724221
4010884252347
4010884502343
5014437190932
5055021992839
5055605908522
6980119334378
7340112714796
7429732914974
7429741710734
8595165348101
8595165348255
8680979030066
8680979030080
8903539970498
